0 0 4138e4e8f3cbc8a4
0 1 412b40e7862de460
0 2 4137e8e153735fcc
0 3 414b796a7add30fc
0 4 c13d319b405e62cc
0 5 0000000000000000
0 6 0000000000000000
0 7 0000000000000000
0 8 0000000000000000
0 9 0000000000000000
0 10 0000000000000000
0 11 0000000000000000
0 12 0000000000000000
0 13 0000000000000000
0 14 0000000000000000
0 15 0000000000000000
0 16 0000000000000000
0 17 0000000000000000
0 18 0000000000000000
0 19 0000000000000000
0 20 0000000000000000
0 21 0000000000000000
0 22 0000000000000000
0 23 0000000000000000
0 24 0000000000000000
1 0 41410c60d351939e
1 1 4131d10c2ad6e7e2
1 2 413e287a492f67d0
1 3 413196988d37e173
1 4 410ddce5fa5f1190
1 5 0000000000000000
1 6 0000000000000000
1 7 0000000000000000
1 8 0000000000000000
1 9 0000000000000000
1 10 0000000000000000
1 11 0000000000000000
1 12 0000000000000000
1 13 0000000000000000
1 14 0000000000000000
1 15 0000000000000000
1 16 0000000000000000
1 17 0000000000000000
1 18 0000000000000000
1 19 0000000000000000
1 20 0000000000000000
1 21 0000000000000000
1 22 0000000000000000
1 23 0000000000000000
1 24 0000000000000000
2 0 414f0837d74fbf66
2 1 c1419b505431cb77
2 2 40db6ee0369ca9a0
2 3 c12257e750151f9e
2 4 414b4f610c6c4553
2 5 0000000000000000
2 6 0000000000000000
2 7 0000000000000000
2 8 0000000000000000
2 9 0000000000000000
2 10 0000000000000000
2 11 0000000000000000
2 12 0000000000000000
2 13 0000000000000000
2 14 0000000000000000
2 15 0000000000000000
2 16 0000000000000000
2 17 0000000000000000
2 18 0000000000000000
2 19 0000000000000000
2 20 0000000000000000
2 21 0000000000000000
2 22 0000000000000000
2 23 0000000000000000
2 24 0000000000000000
3 0 c13702166363d0a1
3 1 4143f2a3b22f34b3
3 2 c140c51f59c3e362
3 3 c0dae2ed838358b4
3 4 c122ff6292dc1c01
3 5 0000000000000000
3 6 0000000000000000
3 7 0000000000000000
3 8 0000000000000000
3 9 0000000000000000
3 10 0000000000000000
3 11 0000000000000000
3 12 0000000000000000
3 13 0000000000000000
3 14 0000000000000000
3 15 0000000000000000
3 16 0000000000000000
3 17 0000000000000000
3 18 0000000000000000
3 19 0000000000000000
3 20 0000000000000000
3 21 0000000000000000
3 22 0000000000000000
3 23 0000000000000000
3 24 0000000000000000
